0.000000000000000000000000000000014997597826618576
0.000000000000000000000000000000014997597826618576
0.000000000000000000000000000000014997597826618576
0.000000000000000000000000000000014997597826618576
0.000000000000000000000000000000014997597826618576
0.000000000000000000000000000000014997597826618576
0.000000000000000000000000000000014997597826618576
0.000000000000000000000000000000014997597826618576
0.000000000000000000000000000000014997597826618576
0.000000000000000000000000000000014997597826618576
0.000000000000000000000000000000014997597826618576
0.000000000000000000000000000000014997597826618576
0.000000000000000000000000000000014997597826618576
0.000000000000000000000000000000014997597826618576
0.000000000000000000000000000000014997597826618576
0.000000000000000000000000000000014997597826618576
0.000000000000000000000000000000014997597826618576
0.000000000000000000000000000000014997597826618576
0.000000000000000000000000000000014997597826618576
0.000000000000000000000000000000014997597826618576
0.000000000000000000000000000000014997597826618576
0.000000000000000000000000000000014997597826618576
0.000000000000000000000000000000014997597826618576
0.000000000000000000000000000000014997597826618576
0.000000000000000000000000000000014997597826618576
0.000000000000000000000000000000014997597826618576
0.000000000000000000000000000000014997597826618576
0.000000000000000000000000000000014997597826618576
0.000000000000000000000000000000014997597826618576
0.000000000000000000000000000000014997597826618576
0.000000000000000000000000000000014997597826618576
0.000000000000000000000000000000014997597826618576
0.000000000000000000000000000000014997597826618576
0.000000000000000000000000000000014997597826618576
0.000000000000000000000000000000014997597826618576
0.000000000000000000000000000000014997597826618576
0.000000000000000000000000000000014997597826618576
0.000000000000000000000000000000014997597826618576
0.000000000000000000000000000000014997597826618576
0.000000000000000000000000000000014997597826618576
0.000000000000000000000000000000014997597826618576
0.000000000000000000000000000000014997597826618576
0.000000000000000000000000000000014997597826618576
0.000000000000000000000000000000014997597826618576
0.000000000000000000000000000000014997597826618576
0.000000000000000000000000000000014997597826618576
0.000000000000000000000000000000014997597826618576
0.000000000000000000000000000000014997597826618576
0.000000000000000000000000000000014997597826618576
0.000000000000000000000000000000014997597826618576
