21.6770633066311
22.472499381225536
18.94202419346917
21.666271648913288
20.191690253349538
22.07576411359323
21.40972822969112
21.600166754460684
21.488637995121255
21.287856678303562
21.85382624975416
22.25557238787272
22.92153762947126
22.63187531132099
21.26279250733839
22.57256919545797
22.067389765828285
22.697576258313823
17.24239462638689
22.939339104843103
22.366489587869786
22.942679987828907
22.648685661942597
21.921455074540646
21.54820262828771
20.314007386824063
78.1645976353792
22.05308350354259
22.78315184675081
21.987339743190446
23.092771172587497
22.530361277931135
22.4145701361744
25.003369496523085
22.402170651011225
22.677887049135798
22.396424064288308
22.935989877020432
21.18627338790854
21.97105137713037
21.623821886343148
22.742482867400145
22.28952828118246
21.52071443129948
23.109319889903617
17.74359294232374
20.68541890367864
22.186742772320724
22.054022829797177
22.82870979615553
