-262865115940838560000000
-19820343570991763000
-142778844384262050000
-644417200195246300000000
-8735132093013829600
-56762010037423220000000
-171686593418068380000000
-618333381409104200000
-829614443477069200000
-176694328075018464
-431128718547541400000000000
-134936460939433870000
-400633526066737600000
-1114967840066923500000000
-6013602939367078900
-3550730024728884000000
-56623320438656770000
-980525820404563070
-1505407124402052300000
-29489410316659708000
-90059228445350960000000000
-1703988196771534850
-25850733262237310000000000
-17969619795416321000000
-55893839475527310000000
-42206096461036470000
-74649337808711430000000
-36212120297250378000
-73353480152186960
-3706566263932933100
-110175793873971800000000
-305771739697111250000000
-1314691083641690500000
-174636949981424200000000
-669704501904564800000
-1949506198270472000000
-97365233405320360000000
-59498789068847680000
-397824790712332060000
-409328121682784600000000
-22015529802508520000000
-1461071513912053000000
-578591575061827750000
-3865991070094540700000000
-1340662038162709700000000
-60009586046906920000
-427834660426479300000000
-8367428890018326000000
-340495339769223700000
-52084008630003900000000000000
