0.000000000000004440892098500626
0.000000000000004440892098500626
0.000000000000004440892098500626
0.000000000000004440892098500626
0.000000000000004440892098500626
0.000000000000004440892098500626
0.000000000000004440892098500626
0.000000000000004440892098500626
0.000000000000004440892098500626
0.000000000000004440892098500626
0.000000000000004440892098500626
0.000000000000004440892098500626
0.000000000000004440892098500626
0.000000000000004440892098500626
0.000000000000004440892098500626
0.000000000000004440892098500626
0.000000000000004440892098500626
0.000000000000004440892098500626
0.000000000000004440892098500626
0.000000000000004440892098500626
0.000000000000004440892098500626
0.000000000000004440892098500626
0.000000000000004440892098500626
0.000000000000004440892098500626
0.000000000000004440892098500626
0.000000000000004440892098500626
0.000000000000004440892098500626
0.000000000000004440892098500626
0.000000000000004440892098500626
0.000000000000004440892098500626
0.000000000000004440892098500626
0.000000000000004440892098500626
0.000000000000004440892098500626
0.000000000000004440892098500626
0.000000000000004440892098500626
0.000000000000004440892098500626
0.000000000000004440892098500626
0.000000000000004440892098500626
0.000000000000004440892098500626
0.000000000000004440892098500626
0.000000000000004440892098500626
0.000000000000004440892098500626
0.0000000000000008881784197001252
0.000000000000004440892098500626
0.000000000000004440892098500626
0.000000000000004440892098500626
0.000000000000004440892098500626
0.000000000000004440892098500626
0.000000000000004440892098500626
0.000000000000004440892098500626
