11.992671045969423
11.635181376809522
13.356118554746596
13.535671817435547
12.032731977204795
12.078736930597236
12.819917266395352
13.201671030386853
12.659564150481756
13.802068247327732
10.362426947107071
13.468170214982269
11.584507502532546
13.860540412982013
12.539462889304573
12.961816462593658
11.010871273517846
13.691213325647029
12.240114642471552
13.562196028758102
13.213554212412625
12.465030358251548
12.659619737170752
11.885360136054848
12.608578762599258
14.462635525375624
13.539926217043371
13.450941545097917
14.159877443781472
13.178436273850723
13.095310273205877
12.175879876140288
13.26593168385174
12.808144535780366
13.032926423809617
11.179331512538319
11.490979617864465
13.392731903917763
7.095343285908511
14.294986878839142
13.209480115232406
12.340962849165718
12.79758203406784
13.634338039357552
13.11867223174556
12.652321830510777
14.008863218515385
13.793655470983435
13.27187064419424
11.137102212737915
