0.00000000000000000000000000000000000000000004663136979598557
0.000000000000000000000000000000000000000000025934228332719227
0.00000000000000000000000000000000000000000003142353490157555
0.000000000000000000000000000000000000000000011765383099511535
0.0000000000000000000000000000000000000000000034432676281166707
0.000000000000000000000000000000000000000000011224465850451982
0.000000000000000000000000000000000000000000022421967113913916
0.000000000000000000000000000000000000000000011397934708364747
0.00000000000000000000000000000000000000000002306313794243186
0.0000000000000000000000000000000000000000000021925241870840003
0.000000000000000000000000000000000000000000016511628835490108
0.0000000000000000000000000000000000000000000013626233528237166
0.000000000000000000000000000000000000000000018679945984047723
0.0000000000000000000000000000000000000000003869020391560143
0.0000000000000000000000000000000000000000000020016625546686197
0.000000000000000000000000000000000000000000007014900043707194
0.00000000000000000000000000000000000000000013375610874304024
0.00000000000000000000000000000000000000000002608581438951002
0.000000000000000000000000000000000000000000021675219830310046
0.000000000000000000000000000000000000000000005534954082149943
0.000000000000000000000000000000000000000000028912337092188603
0.00000000000000000000000000000000000000000001785241972426558
0.0000000000000000000000000000000000000000000054533481194801085
0.000000000000000000000000000000000000000000023113493156305383
0.00000000000000000000000000000000000000000006333547666389529
0.000000000000000000000000000000000000000000002779470108725329
0.0000000000000000000000000000000000000000000024785475158529166
0.0000000000000000000000000000000000000000000041310443299787815
0.000000000000000000000000000000000000000000015550718370373472
0.00000000000000000000000000000000000000000004784764125338787
0.000000000000000000000000000000000000000000020481720425531712
0.000000000000000000000000000000000000000000009455035239184646
0.00000000000000000000000000000000000000000004766389586841447
0.0000000000000000000000000000000000000000000026281972163978336
0.00000000000000000000000000000000000000000003250775017195919
0.0000000000000000000000000000000000000000000005218560369086402
0.00000000000000000000000000000000000000000001426164702907618
0.0000000000000000000000000000000000000000000004726588645764023
0.000000000000000000000000000000000000000000007124184057817666
0.0000000000000000000000000000000000000000000050876843156636966
0.00000000000000000000000000000000000000000018532697716485857
0.00000000000000000000000000000000000000000005319017880568151
0.000000000000000000000000000000000000000000024195033932379253
0.00000000000000000000000000000000000000000010366329139634251
0.0000000000000000000000000000000000000000000004635014515353373
0.000000000000000000000000000000000000000000012366641677487374
0.00000000000000000000000000000000000000000002220148647450695
0.0000000000000000000000000000000000000000000035178002572394794
0.000000000000000000000000000000000000000000020977432736508393
0.000000000000000000000000000000000000000000011387914518868416
