0.0000000000000000000000000000000000000000000000000892089657358893
0.0000000000000000000000000000000000000000000000013448275269516995
0.00000000000000000000000000000000000000000000000002208881072662716
0.00000000000000000000000000000000000000000000000003057550335845461
0.00000000000000000000000000000000000000000000000002144567578582229
0.000000000000000000000000000000000000000000000000011710537675885853
0.0000000000000000000000000000000000000000000000000002869583234185674
0.00000000000000000000000000000000000000000000000005994569481101194
0.00000000000000000000000000000000000000000000000001158805386062135
0.00000000000000000000000000000000000000000000000015979494978562715
0.0000000000000000000000000000000000000000000000002628741164888365
0.000000000000000000000000000000000000000000000000051620762029120025
0.000000000000000000000000000000000000000000000000003585084922917825
0.00000000000000000000000000000000000000000000000001611040712311518
0.0000000000000000000000000000000000000000000000000051272608146877996
0.00000000000000000000000000000000000000000000000009306005283539162
0.00000000000000000000000000000000000000000000000006243622205977023
0.00000000000000000000000000000000000000000000000042270722198207805
0.00000000000000000000000000000000000000000000000004914435833497035
0.00000000000000000000000000000000000000000000000002519143457045158
0.000000000000000000000000000000000000000000000000017451581909417297
0.00000000000000000000000000000000000000000000000044397169552377035
0.000000000000000000000000000000000000000000000000017979187431200692
0.0000000000000000000000000000000000000000000000000025628478308563392
0.00000000000000000000000000000000000000000000000008781269819865318
0.00000000000000000000000000000000000000000000000003222811964083927
0.00000000000000000000000000000000000000000000000001979375055390331
0.00000000000000000000000000000000000000000000000004794107511370152
0.0000000000000000000000000000000000000000000000002652330376566785
0.000000000000000000000000000000000000000000000000016706586380185855
0.000000000000000000000000000000000000000000000000022551079724476026
0.00000000000000000000000000000000000000000000000005511990857961114
0.000000000000000000000000000000000000000000000000001422714758817585
0.00000000000000000000000000000000000000000000000015869677874539852
0.000000000000000000000000000000000000000000000000014484860171593215
0.00000000000000000000000000000000000000000000000021002718942694635
0.000000000000000000000000000000000000000000000000012354749425991822
0.000000000000000000000000000000000000000000000000001467497113789906
0.0000000000000000000000000000000000000000000000000492460336691777
0.00000000000000000000000000000000000000000000000005820636410307778
0.00000000000000000000000000000000000000000000000022273306042549495
0.000000000000000000000000000000000000000000000000017965262693512403
0.000000000000000000000000000000000000000000000000004164602527047006
0.00000000000000000000000000000000000000000000000029413350044904843
0.000000000000000000000000000000000000000000000000021374554526755255
0.000000000000000000000000000000000000000000000000021187941826223643
0.000000000000000000000000000000000000000000000000015637804698819113
0.00000000000000000000000000000000000000000000000004695293664939355
0.000000000000000000000000000000000000000000000000005099360889868692
0.0000000000000000000000000000000000000000000000000031791918937056784
