-391.6616570377142
-391.6616570377142
-391.6616570377142
-391.6616570377142
-391.6616570377142
-391.6616570377142
-391.6616570377142
-391.6616570377142
-391.6616570377142
-391.6616570377142
-391.6616570377142
-391.6616570377142
-391.6616570377142
-391.6616570377142
-391.6616570377142
-391.6616570377142
-391.6616570377142
-391.6616570377142
-391.6616570377142
-391.6616570377142
-391.6616570377142
-391.6616570377142
-391.6616570377142
-391.6616570377142
-391.6616570377142
-391.6616570377142
-391.6616570377142
-391.6616570377142
-391.6616570377142
-391.6616570377142
-391.6616570377142
-391.6616570377142
-391.6616570377142
-391.6616570377142
-391.6616570377142
-391.6616570377142
-391.6616570377142
-391.6616570377142
-391.6616570377142
-391.6616570377142
-391.6616570377142
-391.6616570377142
-391.6616570377142
-391.6616570377142
-391.6616570377142
-391.6616570377142
-391.6616570377142
-391.6616570377142
-391.6616570377142
-377.5249379892267
