-4305.148257996712
-3414.047486531257
-4328.926255854662
-4806.388648617081
-3518.782797447784
-4021.4536900131498
-4879.761960913427
-4445.365964668046
-4663.51996708801
-1962.0505566668362
-2895.645823492072
-4049.467814926349
-4096.962058048404
-4923.637876228197
-4213.560223401233
-4552.025261986419
-4836.683963779011
-3999.1996020332444
-2928.9946188364993
-4872.458875666955
-4449.024988662044
-3903.8618461371516
-4463.697502647527
-4927.212651003734
-3839.3865825766698
-3498.830303120485
-4042.5170585095766
-4418.130382663687
-4764.989988523303
-4622.879893184756
-3436.556684050971
-4303.982082690869
-4032.7879911774653
-4648.568713129847
-2532.2340200213657
-3741.8776725634234
-4599.92581879592
-4924.174053286086
-4356.56754865899
-2992.2705729032023
-3698.691682296456
-3423.666813146905
-3990.778161899303
-4867.032015691628
-4801.049864748027
-4582.880991543236
-4244.761633490329
-3635.5144833672966
-4814.915032952558
-4781.693631503149
