104.3250244830698
106.05985826421556
102.94679246220332
117.7469290360651
109.31305035457314
113.10843725401142
118.88943904575382
86.2664157520075
124.05845116000324
104.43982112467549
114.11434682981772
109.49758226081227
98.83386339650195
97.91073536158976
112.01531559534052
118.85840323532756
118.50563000619266
103.37710706882527
96.23504457477429
118.85247732838164
97.67544761940226
93.33470615662802
98.36718856949796
115.67999879577084
98.35324123893577
98.48833395292243
100.41866101707487
110.49916470996061
109.65807315406036
102.40039202347666
115.17980535559525
93.00123550748293
115.51567755954724
110.12041504230353
100.2431648966222
99.84038182950437
115.44441191326464
112.39455079495522
125.46531027127
118.0994519513867
116.8717907077662
103.56812338095204
114.53880061740708
108.19906950821641
120.71897015917176
105.50497914164626
104.36145350329275
107.88424631029082
115.19946744679635
98.811426765454
