-18399686244480984000000000000000000000000
-2294761621117097800000000000000000000000
-75946574901070480000000000000000000
-184709914176361000000000000000000000000
-5914334565635594000000000000000000000
-23618749938239640000000000000000000
-5794069904431295000000000000000000
-3141628772512471000000000000000000000
-173932938803940580000000000000000000000
-84971446667715400000000000000000
-5470609576039464000000000000000000000
-7016390622590980000000000000000000
-77839844419493130000000000000000000
-88129559373005640000000000000000000
-19938133100767789000000000000000000000
-3393420982288542400000000000000000000
-15220857552782420000000000000000000000000
-10764963836693944000000000000000
-3224900883411796000000000000000000000
-739823913061751400000000000000000000000
-938092978954085200000000000000000000
-6270507571095624000000000000000000000
-39758912223463170000000000000000000
-1354974658417981500000000000000000000000000
-2253802087370902500000000000000000
-27959468408869940000000000000000000000
-47000938542243680000000000000000
-9038186086054024000000000000000000000
-2309416020851253000000000000000000000000
-921784410421762200000000000000000000000000
-147272737363697100000000000000000
-72603423501013150000000000000000000
-1475274955304030200000000000000000
-4352011701988085300000000000000
-747984899946259900000000000000000000000
-8119124472060376000000000000000000
-200491767486878260000000000000000
-833001865570537000000000000000000000
-23720676503332010000000000000000000
-15388921909562991000000000000000000000
-1024974428018319900000000000000000000000
-4070780082968261000000000000000000000
-350521830993389700000000000000000000000000
-314065054880028760000000000000000000
-3995400721335654500000000000000000000
-532714270974357300000000000000000000
-32027811646094565000000000000000000000
-4234498155206245700000000000000000000
-7836332875521743000000000000000000000000000
-3929640358822975000000000000000000000000000
