0.03643871161487133
0.0
0.009857284609807726
0.00985728460782076
0.0
0.0
0.007396040334114895
0.012316072520193844
0.0
0.014779776754825558
0.007396040334114895
0.0
0.007396040334114895
0.007396040334114895
0.0
0.01967773455803734
0.008320340435310825
0.007396040334114895
0.00000000037535508035091425
0.017236111917800057
0.012383513944103752
0.01880331188730522
0.029547282008885678
0.00985728460782076
0.0
0.0
0.007396040334114895
0.0
0.012721060516708405
0.0
0.012316207946475921
0.007396040334114895
0.06232822029702789
0.00985728460782076
0.007396040334114895
0.0
0.01722629385971286
0.0012784184585952207
0.01967773455803734
0.00985728460782076
0.0
0.009864672128623408
0.012320988875106575
0.0
0.00000000000026789681584205027
0.007396040334114895
0.0
0.012320989156362927
0.007396040334114895
0.0
