-18.14271700286106
-17.734889738736126
-16.59568196197518
-17.750648134755
-19.496934930708747
-18.25388285350524
-18.759337591913127
-17.735731565902707
-18.320127777010367
-16.07319808082148
-17.825985851505838
-17.629293391081433
-18.14013317833219
-16.29871115671469
-16.28032677201568
-17.094549356273784
-17.300122938833038
-17.462454082450446
-18.042697302463694
-18.013180665576705
-17.94044815408932
-18.072760955399477
-18.792654391677523
-19.454538567840945
-17.47809606333159
-18.82035991837951
-17.32755870878571
-17.00150840726774
-17.237683475516047
-16.491731335470305
-18.58822035794497
-17.68768851704727
-19.0241395106424
-17.280340299600972
-17.65801454872852
-17.467249352974168
-16.212085135136768
-17.049213810083863
-17.83386491892643
-19.13896067723938
-18.591400103301282
-17.666691127472273
-18.844032125397515
-15.81767444246049
-17.624516062937303
-18.719675712357443
-19.02460671930841
-17.67261132775592
-18.50720186537047
-17.606241295425505
