-209.99999998774274
-209.99999999999454
-209.99999999999818
-209.99999711022156
-209.99999999998363
-209.99999977821972
-209.9991173084445
-209.99950659005844
-210.0
-209.99999992988796
-209.99999995062353
-209.9999999999991
-209.99999999993724
-209.99999989937714
-209.99999307679082
-209.9999942888944
-209.9999998896874
-209.9999999999809
-209.99998287321523
-209.99998302495715
-209.9999998531148
-209.99999999403826
-209.9999999707943
-209.99994515375602
-209.99999996244605
-209.99999999964712
-209.99999999984175
-209.99999999832562
-209.99999999995998
-210.0
-209.99999999997362
-209.99970806346664
-209.9999999999818
-209.999959905962
-209.999999999608
-209.99999999998727
-209.99999976324216
-209.99979521532987
-209.99999999983083
-209.99999999993815
-209.99999990433662
-209.99998012601554
-209.999958951782
-209.99999999997726
-209.99999611945987
-209.99999999997453
-209.99994027545017
-209.9999999847214
-209.99999945512627
-209.9999999999518
