0.0000000000000000000000000000000000000000000000000000000028621216772131164
0.00000000000000000000000000000000000000000000000000000002652712438597054
0.000000000000000000000000000000000000000000000000000000018172359220826572
0.00000000000000000000000000000000000000000000000000000002636290746310554
0.000000000000000000000000000000000000000000000000000001253580079378058
0.000000000000000000000000000000000000000000000000000000012443940292774934
0.000000000000000000000000000000000000000000000000000002672639278028527
0.0000000000000000000000000000000000000000000000000000005816707147587967
0.00000000000000000000000000000000000000000000000000000017369618314818543
0.0000000000000000000000000000000000000000000000000000003505416103126884
0.000000000000000000000000000000000000000000000000000000596530378757948
0.000000000000000000000000000000000000000000000000000001806047833662256
0.000000000000000000000000000000000000000000000000000003891523785402115
0.0000000000000000000000000000000000000000000000000000006487849993504912
0.0000000000000000000000000000000000000000000000000000026163136599034486
0.00000000000000000000000000000000000000000000000000000006759647247108406
0.0000000000000000000000000000000000000000000000000000025582334211919998
0.000000000000000000000000000000000000000000000000000000005984021526030819
0.000000000000000000000000000000000000000000000000000000027864034942346833
0.0000000000000000000000000000000000000000000000000000000035210103163345267
0.00000000000000000000000000000000000000000000000000000007010678455992407
0.00000000000000000000000000000000000000000000000000000003682703451890784
0.00000000000000000000000000000000000000000000000000000012259829620440541
0.000000000000000000000000000000000000000000000000000005581394567237651
0.00000000000000000000000000000000000000000000000000000010269169658514918
0.0000000000000000000000000000000000000000000000000000004500726146313714
0.00000000000000000000000000000000000000000000000000000016246516161352207
0.000000000000000000000000000000000000000000000000000000993221035557974
0.000000000000000000000000000000000000000000000000000000016192980447064907
0.0000000000000000000000000000000000000000000000000000020990456892829287
0.00000000000000000000000000000000000000000000000000000000976732234268287
0.00000000000000000000000000000000000000000000000000000001512365525004225
0.000000000000000000000000000000000000000000000000000000027194612034138894
0.0000000000000000000000000000000000000000000000000000005425836941930164
0.0000000000000000000000000000000000000000000000000000002673866486660877
0.0000000000000000000000000000000000000000000000000000000039782758990787006
0.000000000000000000000000000000000000000000000000000000031830709888459853
0.00000000000000000000000000000000000000000000000000000003025177824026263
0.000000000000000000000000000000000000000000000000000000556024958726989
0.0000000000000000000000000000000000000000000000000000006531798767815818
0.00000000000000000000000000000000000000000000000000000001635312921831085
0.00000000000000000000000000000000000000000000000000000013716533032165321
0.00000000000000000000000000000000000000000000000000000002745197747187851
0.00000000000000000000000000000000000000000000000000000053535670549094074
0.00000000000000000000000000000000000000000000000000000002866799751552023
0.00000000000000000000000000000000000000000000000000000496316745027095
0.0000000000000000000000000000000000000000000000000000021988603871802
0.000000000000000000000000000000000000000000000000000000149415998975619
0.000000000000000000000000000000000000000000000000000000023266225449577704
0.0000000000000000000000000000000000000000000000000000000710709598319561
