57.263461532974816
48.29346339974461
35.725012457886976
37.31590613520805
40.7558855247442
43.95747042837539
49.19605948969672
41.47943571286257
45.93580133163525
38.12928332380798
40.752746949148275
33.89769263295051
51.31117527913523
44.13041892468388
48.859149218344385
49.06481159633415
16.98914901679953
39.06137907831098
30.729143478389602
52.09557042503073
49.75191698550509
44.875065877283134
35.9209670255035
38.63439976209912
45.157499882197385
41.67657916682569
36.83498582458296
43.82088584689174
45.88985891143352
55.90153147207158
47.6799073331193
37.934383153776025
43.587177183364815
42.70783439703416
52.26866087374981
36.46057590187115
36.17845529575831
24.434090582809887
46.286844199660806
50.5610383337212
39.883425620843525
37.21862631968796
41.08370384056087
35.39661477600998
34.78166014610707
30.867203662285192
44.104902230700816
36.117931664060706
32.46038208024589
35.688844358327316
