0.000000000000004440892098500626
0.000000000000007993605777301127
0.000000000000007993605777301127
0.000000000000004440892098500626
0.000000000000004440892098500626
0.000000000000007993605777301127
0.000000000000004440892098500626
0.000000000000007993605777301127
0.000000000000007993605777301127
0.000000000000007993605777301127
0.000000000000007993605777301127
0.000000000000004440892098500626
0.000000000000007993605777301127
0.000000000000007993605777301127
0.000000000000007993605777301127
0.000000000000004440892098500626
0.000000000000004440892098500626
0.000000000000004440892098500626
0.000000000000004440892098500626
0.000000000000007993605777301127
0.000000000000007993605777301127
0.000000000000007993605777301127
0.000000000000007993605777301127
0.000000000000004440892098500626
0.000000000000004440892098500626
0.000000000000004440892098500626
0.000000000000007993605777301127
0.000000000000004440892098500626
0.000000000000004440892098500626
0.000000000000004440892098500626
0.000000000000007993605777301127
0.000000000000007993605777301127
0.000000000000007993605777301127
0.000000000000007993605777301127
0.000000000000007993605777301127
0.000000000000007993605777301127
0.000000000000004440892098500626
0.000000000000004440892098500626
0.000000000000007993605777301127
0.000000000000007993605777301127
0.000000000000007993605777301127
0.000000000000007993605777301127
0.000000000000004440892098500626
0.000000000000004440892098500626
0.000000000000007993605777301127
0.000000000000004440892098500626
0.000000000000004440892098500626
0.000000000000007993605777301127
0.000000000000007993605777301127
0.000000000000007993605777301127
