0.000000000000000000000000000000014997597826618576
0.000000000000000000000000000000014997597826618576
0.000000000000000000000000000000014997597826618576
0.000000000000000000000000000000014997597826618576
0.000000000000000000000000000000014997597826618576
0.000000000000000000000000000000014997597826618576
0.000000000000000000000000000000014997597826618576
0.000000000000000000000000000000014997597826618576
0.000000000000000000000000000000014997597826618576
0.000000000000000000000000000000014997597826618576
0.000000000000000000000000000000014997597826618576
0.000000000000000000000000000000014997597826618576
0.000000000000000000000000000000014997597826618576
0.000000000000000000000000000000014997597826618576
0.000000000000000000000000000000014997597826618576
0.000000000000000000000000000000014997597826618576
0.000000000000000000000000000000014997597826618576
0.000000000000000000000000000000014997597826618576
0.000000000000000000000000000000014997597826618576
0.000000000000000000000000000000014997597826618576
0.000000000000000000000000000000014997597826618576
0.000000000000000000000000000000014997597826618576
0.000000000000000000000000000000014997597826618576
0.000000000000000000000000000000014997597826618576
0.000000000000000000000000000000014997597826618576
0.000000000000000000000000000000014997597826618576
0.000000000000000000000000000000014997597826618576
0.000000000000000000000000000000014997597826618576
0.000000000000000000000000000000014997597826618576
0.000000000000000000000000000000014997597826618576
0.000000000000000000000000000000014997597826618576
0.000000000000000000000000000000014997597826618576
0.000000000000000000000000000000014997597826618576
0.000000000000000000000000000000014997597826618576
0.4543240185907736
0.000000000000000000000000000000014997597826618576
0.000000000000000000000000000000014997597826618576
0.000000000000000000000000000000014997597826618576
0.000000000000000000000000000000014997597826618576
0.000000000000000000000000000000014997597826618576
0.000000000000000000000000000000014997597826618576
0.000000000000000000000000000000014997597826618576
0.000000000000000000000000000000014997597826618576
0.000000000000000000000000000000014997597826618576
0.000000000000000000000000000000014997597826618576
0.000000000000000000000000000000014997597826618576
0.000000000000000000000000000000014997597826618576
0.000000000000000000000000000000014997597826618576
0.000000000000000000000000000000014997597826618576
0.000000000000000000000000000000014997597826618576
