-160141721366313050000000000000000000000000000000000
-510969652984582000000000000000000000000000000000000
-117880248713162120000000000000000000000000000000000000000
-469124121764275000000000000000000000000000000000000000000000
-45764705812395874000000000000000000000000000000000000
-152469622682878590000000000000000000000000000000000000000
-78832118111497340000000000000000000000000000000
-58869755734049910000000000000000000000000000000
-9557798469088300000000000000000000000000000000000000
-1691761863743235500000000000000000000000000000000000
-3128064034020253000000000000000000000000000000000000000000
-617838007754224700000000000000000000000000000000000
-145723418595829840000000000000000000000000000000000000000
-521623677805470300000000000000000000000000000000000000
-45055362141773220000000000000000000000000000000000000
-748630035448128000000000000000000000000000000000000000000000
-108220640753858520000000000000000000000000000000000
-5216721825438597500000000000000000000000000000000
-64419849404547120000000000000000000000000000000000000
-600796783596240200000000000000000000000000000000000
-2384756456238651400000000000000000000000000000000
-22634813918307677000000000000000000000000000000000000000000
-29704984175672163000000000000000000000000000000000
-64028748832915610000000000000000000000000000000000000
-11722812597901895000000000000000000000000000000000
-43719053969910870000000000000000000000000000000000000
-12354779744492540000000000000000000000000000000000
-120504623074619700000000000000000000000000000000000
-9935131019670518000000000000000000000000000000000
-25652033625200696000000000000000000000000000000000
-1369708208489844400000000000000000000000000000000
-143485674180840980000000000000000000000000000000
-276136067041853800000000000000000000000000000000000000000
-6459671408616074000000000000000000000000000000000000
-142587930118057750000000000000000000000000000000000
-216103309395774500000000000000000000000000000000000
-86707881266785690000000000000000000000000000000000000000
-344997027822845800000000000000000000000000000000
-33970052578444070000000000000000000000000000000000
-64824479916944910000000000000000000000000000000000000
-4482872493535251400000000000000000000000000000000000000
-528244369823342000000000000000000000000000000000000000
-2424325974089699800000000000000000000000000000000000000000
-11834919593454290000000000000000000000000000000000000
-184371314947963470000000000000000000000000000000000
-14650535254007710000000000000000000000000000000000000000
-329361168032831200000000000000000000000000000000000
-38220648108946240000000000000000000000000000000000000000
-211877785923143740000000000000000000000000000000000
-154133104145938220000000000000000000000000000000000000
