3.8154453437173887
3.6494021262855654
2.9319736958435736
3.5954037712565907
4.874858335852266
4.700474761031696
3.8131459167510227
2.777884168975768
5.0199934455709565
5.786366840033564
5.495625041201468
2.0194347700206894
5.940637520006522
3.564347888498612
4.530508737200452
2.3638375082822667
2.676374323157222
4.869012034455531
5.576414079043282
5.509849383634965
4.89096013720776
4.314596947358478
2.407003741629488
5.2215090424280035
4.8976088840380685
2.2592267214754607
3.606442904479748
4.285158406460316
1.9395932016964381
3.5289637498301816
1.5318889060934846
4.887026254229595
3.985176141415389
3.330620000651886
4.082712088780061
4.65535513160798
3.6783468904972594
4.10351914485953
6.013338111973858
3.8618679652408634
3.621761760802574
3.0338574322519145
3.011941142266135
2.913928372101647
4.997511908982656
4.529175309681949
3.5545365986370685
4.976929828592099
3.271409737041712
3.2597202648556505
