-9.625109719347924
-9.61347775650678
-9.61838890430042
-9.916323048691348
-9.707980392242298
-9.61838890430042
-9.660151715641351
-9.660151715641351
-9.655240567847711
-9.622540146216968
-9.631516096223908
-9.858355299620701
-9.660151715641351
-9.675108543926479
-9.613477756506782
-9.655240567847711
-9.58077733487604
-9.657918268870361
-9.78194063014744
-9.87332591908006
-9.660151715641351
-9.578541715597922
-9.656001793308537
-9.660151715641351
-9.620304526938853
-9.618388904300422
-9.660151715641353
-9.580777334876037
-9.660151715641351
-9.856311930923969
-9.61347775650678
-9.623321521181412
-9.660151715641351
-9.660151715641351
-9.61838890430042
-9.655240567847711
-9.655240567847711
-9.623565830727436
-9.62254014621697
-9.622915936819913
-9.738912090075601
-9.71336628794291
-9.613477756506782
-9.69968108021129
-9.839330850731342
-9.622540146216968
-9.510149554423666
-9.61838890430042
-9.660151715641351
-9.613477756506782
