-15.228073063090521
-16.059458897994556
-14.887633921208074
-15.470959994079317
-16.237351654735843
-16.296529753661222
-16.372652187221554
-16.50500984584834
-16.84961386183438
-15.951954903892567
-16.742005707787143
-17.367349029335372
-17.17878784075506
-16.04533203979286
-16.909095628569904
-15.501164412454559
-17.01822440859389
-15.360619919883423
-15.671505288624584
-17.63757402113898
-16.27768347796081
-16.21948347320256
-17.4953115037272
-15.680209491088048
-16.77446122334826
-17.50415318256214
-15.452757836013662
-18.88107570047448
-15.970942169060825
-14.876173196735738
-15.978365612701722
-16.658217177836956
-14.974445477556364
-15.460960054666621
-16.428658666861935
-16.708825611581936
-17.954852647945376
-16.298150946095845
-16.883216151674443
-16.113872595034422
-16.53210439268375
-16.90967541902423
-15.343217690575035
-15.496136175617963
-16.532266192517458
-15.17640661023467
-16.122410050386527
-15.899854902233974
-14.671660772594027
-16.16422862877341
