-1501.4201205169084
-1499.316000735067
-1436.0981716530077
-1484.7821524827305
-1514.9084062053735
-1502.6075716164341
-1492.4038842770678
-1508.0992202536145
-1513.6167928508803
-1519.9314592484443
-1480.937161932874
-1427.1333757997345
-1498.8089492345462
-1511.499447317954
-1464.798563349439
-1487.5770060554642
-1519.0345850957528
-1514.5999563585938
-1519.027451694943
-1461.6962495480548
-1516.8268600014562
-1518.659150916079
-1497.156832260298
-1484.9670744807372
-1496.6798617656314
-1511.5445423813944
-1477.0661549426732
-1508.9264405971044
-1519.7554718068568
-1474.0819730515068
-1500.790934689183
-1487.0057055598154
-1503.4955728887726
-1490.8729106683168
-1472.4428117696662
-1519.2058163007605
-1506.122485907952
-1514.5201853736216
-1487.6268616626476
-1515.4359550234803
-1514.6901765017683
-1507.6837468210288
-1468.4876575723174
-1519.9885844628152
-1517.7083755842177
-1517.736200186162
-1490.162084241776
-1519.303820243018
-1496.1766592428467
-1459.8202600854856
